[2J[38;2;85;34;17m???[38;2;221;102;68m??[38;2;85;34;17m????[38;2;51;34;17m????[38;2;85;34;17m??[38;2;187;85;51m????[38;2;51;34;17m????[38;2;136;51;34m??[38;2;187;85;51m????[38;2;51;34;17m????[38;2;17;0;0m??[38;2;51;34;17m??[38;2;34;17;0m??[38;2;187;85;51m??[38;2;85;34;17m??[38;2;51;34;17m??[38;2;85;34;17m??[38;2;51;34;17m??[38;2;34;17;0m??[38;2;51;34;17m????????????[38;2;85;34;17m????[38;2;51;34;17m???????[0m
[38;2;136;51;34m?[38;2;221;102;68m??????[38;2;187;85;51m??[38;2;51;34;17m????[38;2;187;85;51m??[38;2;153;68;34m??[38;2;187;85;51m??[38;2;51;34;17m??[38;2;85;34;17m????[38;2;187;85;51m??[38;2;85;34;17m??[38;2;51;34;17m??[38;2;238;136;17mXX[38;2;17;0;0m??[38;2;136;51;34m??[38;2;85;34;17m??[38;2;187;85;51m??[38;2;85;34;17m??[38;2;136;51;34m????[38;2;51;34;17m??????[38;2;136;51;34m????[38;2;51;34;17m????????[38;2;136;51;34m??[38;2;51;34;17m????[38;2;85;34;17m??[38;2;136;51;34m?[0m
[38;2;136;51;34m?[38;2;221;102;68m????????[38;2;136;51;34m????????[38;2;187;85;51m????[38;2;51;34;17m??[38;2;136;51;34m??[38;2;187;85;51m????[38;2;136;51;34m??[38;2;238;136;17mXX[38;2;51;34;17m????[38;2;187;85;51m??[38;2;85;34;17m????[38;2;187;85;51m??[38;2;51;34;17m??[38;2;136;51;34m????[38;2;51;34;17m????[38;2;187;85;51m??[38;2;51;34;17m????????[38;2;187;85;51m??[38;2;51;34;17m????[38;2;85;34;17m??[38;2;51;34;17m?[0m
[38;2;187;85;51m?[38;2;238;119;85m??[38;2;221;102;68m??????????[38;2;153;68;34m??[38;2;187;85;51m????[38;2;221;102;68m??[38;2;85;34;17m??[38;2;187;85;51m??[38;2;238;119;85m??[38;2;187;85;51m????[38;2;238;85;0mXX[38;2;238;136;17mXX[38;2;136;51;34m??[38;2;187;85;51m????[38;2;136;51;34m??[38;2;51;34;17m??[38;2;187;85;51m??[38;2;136;51;34m??[38;2;51;34;17m????[38;2;187;85;51m??????[38;2;136;51;34m????[38;2;187;85;51m????[38;2;51;34;17m??????[38;2;136;51;34m?[0m
[38;2;221;102;68m?[38;2;238;119;85m??[38;2;221;102;68m??[38;2;238;119;85m??????[38;2;221;102;68m??????[38;2;187;85;51m????[38;2;136;51;34m??[38;2;221;102;68m??[38;2;238;119;85m????[38;2;187;85;51m??[38;2;255;255;187mXX[38;2;238;85;0mXX[38;2;51;34;17m??[38;2;187;85;51m????[38;2;136;51;34m??[38;2;51;34;17m??[38;2;187;85;51m??[38;2;136;51;34m??[38;2;153;68;34m????[38;2;187;85;51m??[38;2;136;51;34m??[38;2;221;102;68m????[38;2;187;85;51m??????[38;2;136;51;34m??[38;2;51;34;17m????[38;2;187;85;51m?[0m
[38;2;221;102;68m?[38;2;238;119;85m????????[38;2;221;102;68m??[38;2;238;119;85m??[38;2;221;102;68m??[38;2;187;85;51m??[38;2;238;119;85m??[38;2;221;102;68m??[38;2;187;85;51m??[38;2;221;102;68m??[38;2;238;119;85m????[38;2;221;102;68m??[38;2;255;255;187mXX[38;2;238;85;0mXX[38;2;187;85;51m??[38;2;136;51;34m??[38;2;238;119;85m????[38;2;136;51;34m??[38;2;187;85;51m????[38;2;153;68;34m????[38;2;51;34;17m??[38;2;238;119;85m??[38;2;187;85;51m??[38;2;238;119;85m??[38;2;136;51;34m??[38;2;221;102;68m??[38;2;187;85;51m??[38;2;85;34;17m??[38;2;187;85;51m??[38;2;51;34;17m??[38;2;187;85;51m?[0m
[38;2;238;119;85m?????????????????????????????[38;2;255;221;68mXXXX[38;2;238;136;17mXX[38;2;255;255;187mXX[38;2;238;119;85m??[38;2;187;85;51m??[38;2;238;119;85m??[38;2;187;85;51m??[38;2;238;119;85m??[38;2;187;85;51m??[38;2;238;119;85m??[38;2;187;85;51m??[38;2;51;34;17m??[38;2;221;102;68m??[38;2;238;119;85m??[38;2;187;85;51m??[38;2;238;119;85m??[38;2;187;85;51m??[38;2;221;102;68m??[38;2;187;85;51m??[38;2;85;34;17m??[38;2;51;34;17m??[38;2;187;85;51m?[0m
[38;2;85;34;17m?????????????????????????????[38;2;255;221;68mXX[38;2;238;153;51mXX[38;2;238;136;17mXX[38;2;255;255;187mXX[38;2;85;34;17m??[38;2;153;68;34m??[38;2;187;85;51m??[38;2;238;119;85m??[38;2;187;85;51m??[38;2;238;119;85m??[38;2;187;85;51m????[38;2;238;119;85m??????????????[38;2;187;85;51m??[38;2;238;119;85m??[38;2;85;34;17m??[38;2;153;68;34m?[0m
[38;2;221;102;68m?[38;2;238;119;85m??????????[38;2;136;51;34m??[38;2;85;34;17m??[38;2;221;102;68m????????????[38;2;238;119;85m??[38;2;238;153;51mXXXX[38;2;255;221;68mXXXX[38;2;238;119;85m??[38;2;187;85;51m????[38;2;85;34;17m??[38;2;187;85;51m??[38;2;85;34;17m???????????????????????????[0m
[38;2;238;119;85m???[38;2;221;102;68m????[38;2;238;119;85m????[38;2;136;51;34m??[38;2;85;34;17m??[38;2;187;85;51m??[38;2;153;68;34m??[38;2;221;102;68m??????[38;2;238;119;85m????[38;2;238;136;17mXX[38;2;238;153;51mXXXXXX[38;2;187;85;51m??[38;2;238;119;85m????[38;2;187;85;51m??[38;2;238;119;85m??[38;2;255;255;187mXX[38;2;85;34;17m??[38;2;153;68;34m??[38;2;238;119;85m??[38;2;221;102;68m??[38;2;238;119;85m??[38;2;221;102;68m??[38;2;187;85;51m??[38;2;238;119;85m??[38;2;221;102;68m?????????[0m
[38;2;238;119;85m???????????[38;2;187;85;51m??[38;2;85;34;17m??[38;2;187;85;51m??[38;2;221;102;68m????[38;2;238;119;85m????[38;2;221;102;68m????[38;2;238;153;51mXX[38;2;238;136;17mXX[38;2;238;85;0mXX[38;2;238;153;51mXX[38;2;255;221;68mXX[38;2;221;102;68m????????[38;2;255;221;68mXX[38;2;85;34;17m??[38;2;221;102;68m??[38;2;238;119;85m??[38;2;221;102;68m??[38;2;187;85;51m??[38;2;221;102;68m??[38;2;238;119;85m??[38;2;221;102;68m??[38;2;187;85;51m??[38;2;221;102;68m??????[38;2;136;51;34m?[0m
[38;2;221;102;68m?[38;2;238;119;85m??[38;2;221;102;68m??[38;2;187;85;51m????[38;2;238;119;85m??[38;2;85;34;17m??[38;2;187;85;51m??[38;2;238;119;85m??[38;2;221;102;68m????[38;2;238;119;85m??[38;2;221;102;68m??[38;2;238;119;85m????[38;2;238;153;51mXX[38;2;238;136;17mXX[38;2;238;85;0mXX[38;2;238;136;17mXX[38;2;238;153;51mXX[38;2;238;119;85m??[38;2;221;102;68m????[38;2;238;119;85m??[38;2;238;153;51mXX[38;2;85;34;17m??[38;2;187;85;51m??[38;2;238;119;85m??[38;2;221;102;68m??[38;2;238;119;85m??[38;2;221;102;68m??[38;2;255;255;187mXX[38;2;221;102;68m??[38;2;136;51;34m????[38;2;238;119;85m?????[0m
[38;2;238;119;85m???[38;2;187;85;51m??[38;2;238;119;85m??[38;2;187;85;51m??[38;2;238;119;85m??[38;2;85;34;17m??[38;2;187;85;51m??[38;2;221;102;68m??[38;2;238;119;85m????????????[38;2;238;136;17mXXXX[38;2;238;85;0mXX[38;2;238;136;17mXXXX[38;2;221;102;68m??[38;2;187;85;51m??[38;2;221;102;68m??[38;2;238;119;85m??[38;2;238;153;51mXX[38;2;85;34;17m??[38;2;221;102;68m??[38;2;187;85;51m??[38;2;153;68;34m????[38;2;187;85;51m??[38;2;255;221;68mXX[38;2;136;51;34m??[38;2;238;119;85m?????????[0m
[38;2;221;102;68m?[38;2;238;119;85m??????[38;2;187;85;51m??[38;2;221;102;68m??[38;2;85;34;17m??[38;2;255;255;187mXX[38;2;221;102;68m??????[38;2;238;119;85m??[38;2;221;102;68m??[38;2;238;119;85m??[38;2;238;136;17mXXXX[38;2;255;255;187mXX[38;2;238;85;0mXXXX[38;2;238;136;17mXX[38;2;187;85;51m??[38;2;238;119;85m??[38;2;221;102;68m??[38;2;238;119;85m??[38;2;238;153;51mXXXX[38;2;153;68;34m??[38;2;136;51;34m??????[38;2;238;119;85m??[38;2;238;153;51mXX[38;2;238;119;85m??????[38;2;221;102;68m????[38;2;153;68;34m?[0m
[38;2;153;68;34m?[38;2;187;85;51m??[38;2;153;68;34m??[38;2;187;85;51m????[38;2;153;68;34m??[38;2;85;34;17m??[38;2;255;221;68mXX[38;2;187;85;51m??[38;2;221;102;68m????[38;2;238;119;85m????[38;2;221;102;68m??[38;2;238;85;0mXX[38;2;221;102;68m??[38;2;255;255;187mXXXX[38;2;255;221;68mXX[38;2;238;85;0mXX[38;2;238;153;51mXX[38;2;187;85;51m????[38;2;238;119;85m??[38;2;238;136;17mXX[38;2;238;153;51mXX[38;2;255;221;68mXX[38;2;238;119;85m????????[38;2;238;136;17mXX[38;2;255;221;68mXX[38;2;221;102;68m??[38;2;153;68;34m??????[38;2;136;51;34m?[0m
[38;2;136;51;34m???[38;2;187;85;51m??[38;2;136;51;34m??????[38;2;85;34;17m??[38;2;238;153;51mXX[38;2;187;85;51m????[38;2;238;119;85m??????[38;2;187;85;51m??[38;2;238;85;0mXX[38;2;255;255;187mXX[38;2;187;85;51m??[38;2;255;255;187mXXXX[38;2;238;85;0mXX[38;2;238;153;51mXX[38;2;153;68;34m??[38;2;136;51;34m????[38;2;238;136;17mXXXX[38;2;238;153;51mXX[38;2;238;119;85m????[38;2;153;68;34m????[38;2;238;85;0mXX[38;2;238;153;51mXX[38;2;187;85;51m??[38;2;136;51;34m??[38;2;85;34;17m?????[0m
[38;2;136;51;34m?[38;2;85;34;17m??[38;2;221;102;68m??????????[38;2;238;136;17mXX[38;2;255;221;68mXX[38;2;85;34;17m??[38;2;187;85;51m??[38;2;85;34;17m??[38;2;255;255;187mXX[38;2;85;34;17m??[38;2;255;255;187mXX[38;2;238;85;0mXX[38;2;255;221;68mXXXXXX[38;2;238;85;0mXX[38;2;238;136;17mXX[38;2;238;153;51mXX[38;2;238;119;85m??[38;2;238;136;17mXX[38;2;238;85;0mXXXX[38;2;238;136;17mXX[38;2;221;102;68m??[38;2;153;68;34m??????[38;2;255;255;187mXX[38;2;238;136;17mXX[38;2;153;68;34m??[38;2;85;34;17m????[38;2;34;17;0m???[0m
[38;2;221;102;68m?????[38;2;187;85;51m??[38;2;238;119;85m????[38;2;238;85;0mXXXX[38;2;238;153;51mXX[38;2;221;102;68m????[38;2;85;34;17m??[38;2;255;221;68mXX[38;2;85;34;17m??[38;2;255;221;68mXXXXXXXX[38;2;136;51;34m??[38;2;238;119;85m??[38;2;238;136;17mXX[38;2;238;153;51mXX[38;2;238;119;85m??[38;2;238;85;0mXXXX[38;2;255;255;187mXX[38;2;221;102;68m??[38;2;85;34;17m??[38;2;187;85;51m????[38;2;136;51;34m??[38;2;255;221;68mXX[38;2;238;85;0mXX[38;2;255;255;187mXX[38;2;17;0;0m??????[38;2;85;34;17m?[0m
[38;2;85;34;17m?[38;2;187;85;51m??????????[38;2;255;221;68mXX[38;2;255;255;187mXXXX[38;2;238;119;85m????[38;2;238;153;51mXXXX[38;2;238;119;85m????[38;2;85;34;17m??[38;2;238;119;85m??????[38;2;238;85;0mXXXX[38;2;238;136;17mXX[38;2;238;119;85m??[38;2;238;85;0mXXXX[38;2;255;255;187mXX[38;2;136;51;34m??????????[38;2;238;136;17mXX[38;2;238;153;51mXX[38;2;34;17;0m??[38;2;85;34;17m??[38;2;136;51;34m?????[0m
[38;2;17;0;0m?????[38;2;136;51;34m??[38;2;85;34;17m??[38;2;187;85;51m??[38;2;255;255;187mXXXX[38;2;255;221;68mXX[38;2;238;119;85m????[38;2;238;85;0mXX[38;2;238;136;17mXX[38;2;238;119;85m??????[38;2;153;68;34m??????[38;2;255;255;187mXX[38;2;238;85;0mXX[38;2;187;85;51m??[38;2;85;34;17m??[38;2;238;136;17mXX[38;2;255;255;187mXXXX[38;2;136;51;34m??[38;2;85;34;17m??[38;2;51;34;17m??[38;2;17;0;0m??[38;2;238;85;0mXXXX[38;2;85;34;17m??[38;2;136;51;34m????[38;2;0;0;0m?????[0m
[38;2;17;0;0m???????[38;2;136;51;34m??[38;2;85;34;17m??[38;2;238;136;17mXX[38;2;255;221;68mXX[38;2;238;153;51mXX[38;2;153;68;34m??[38;2;238;153;51mXX[38;2;255;255;187mXX[38;2;238;153;51mXX[38;2;238;136;17mXX[38;2;238;119;85m??[38;2;153;68;34m??????[38;2;187;85;51m??[38;2;255;255;187mXXXX[38;2;238;136;17mXX[38;2;136;51;34m??[38;2;255;255;187mXX[38;2;255;221;68mXX[38;2;255;255;187mXX[38;2;17;0;0m??????[38;2;51;34;17m??????[38;2;85;34;17m????[38;2;0;0;0m????[38;2;17;0;0m???[0m
[38;2;0;0;0m?[38;2;85;34;17m??[38;2;0;0;0m??[38;2;17;0;0m????[38;2;85;34;17m??[38;2;238;153;51mXXXX[38;2;238;136;17mXX[38;2;238;119;85m??[38;2;238;153;51mXX[38;2;255;221;68mXXXX[38;2;238;85;0mXX[38;2;238;119;85m????[38;2;153;68;34m??[38;2;187;85;51m??[38;2;85;34;17m??[38;2;255;255;187mXX[38;2;238;136;17mXX[38;2;153;68;34m??[38;2;238;85;0mXX[38;2;255;221;68mXXXXXX[38;2;51;34;17m??????[38;2;85;34;17m????[38;2;238;119;85m????[38;2;17;0;0m??[38;2;0;0;0m????[38;2;153;68;34m??[38;2;0;0;0m?[0m
[38;2;153;68;34m?????[38;2;34;17;0m??[38;2;17;0;0m??[38;2;85;34;17m??[38;2;238;153;51mXX[38;2;238;119;85m????[38;2;153;68;34m??[38;2;238;136;17mXX[38;2;238;153;51mXX[38;2;238;85;0mXX[38;2;255;255;187mXX[38;2;255;221;68mXX[38;2;85;34;17m????????[38;2;238;136;17mXXXX[38;2;238;153;51mXX[38;2;255;255;187mXX[38;2;255;221;68mXX[38;2;238;85;0mXX[38;2;255;221;68mXX[38;2;102;51;34m??????[38;2;221;102;68m????????[38;2;0;0;0m????[38;2;238;119;85m????[38;2;153;68;34m?[0m
[38;2;153;68;34m?[38;2;85;34;17m????[38;2;0;0;0m????[38;2;221;102;68m??[38;2;238;119;85m??[38;2;153;68;34m??????[38;2;238;136;17mXX[38;2;238;85;0mXXXX[38;2;238;136;17mXX[38;2;238;153;51mXX[38;2;255;255;187mXX[38;2;136;51;34m??[38;2;17;0;0m??[38;2;238;85;0mXX[38;2;238;136;17mXX[38;2;238;85;0mXX[38;2;238;136;17mXX[38;2;255;221;68mXXXX[38;2;255;255;187mXX[38;2;255;221;68mXX[38;2;102;51;34m????[38;2;221;102;68m??????????[38;2;0;0;0m????[38;2;187;85;51m??[38;2;238;119;85m???[0m
[38;2;85;34;17m?[38;2;238;119;85m????[38;2;0;0;0m????[38;2;187;85;51m????[38;2;102;51;34m??????[38;2;255;221;68mXX[38;2;255;255;187mXXXX[38;2;238;85;0mXXXX[38;2;255;221;68mXX[38;2;170;0;0mXX[38;2;17;0;0m??[38;2;255;255;187mXX[38;2;255;221;68mXX[38;2;170;0;0mXXXX[38;2;238;153;51mXX[38;2;238;136;17mXX[38;2;255;221;68mXX[38;2;238;153;51mXX[38;2;102;51;34m??????????[38;2;187;85;51m??[38;2;221;102;68m??[38;2;0;0;0m????[38;2;153;68;34m????[38;2;187;85;51m?[0m
[38;2;238;119;85m???[38;2;187;85;51m??[38;2;0;0;0m????[38;2;187;85;51m??[38;2;102;51;34m????[38;2;153;68;34m??[38;2;238;136;17mXX[38;2;238;153;51mXX[38;2;238;85;0mXX[38;2;255;221;68mXX[38;2;255;255;187mXX[38;2;238;119;85m??[38;2;255;221;68mXX[38;2;170;0;0mXX[38;2;17;0;0m????????[38;2;170;0;0mXX[38;2;17;0;0m??[38;2;238;119;85m??[38;2;255;221;68mXX[38;2;238;119;85m??[38;2;255;221;68mXX[38;2;102;51;34m????????????[38;2;0;0;0m????[38;2;153;68;34m?????[0m
[38;2;136;51;34m?????[38;2;0;0;0m????[38;2;102;51;34m????[38;2;85;34;17m????[38;2;238;85;0mXX[38;2;238;119;85m??[38;2;255;255;187mXX[38;2;238;119;85m??[38;2;255;221;68mXX[38;2;238;85;0mXX[38;2;17;0;0m??[38;2;34;17;0m??[38;2;17;0;0m??????????[38;2;170;0;0mXX[38;2;255;255;187mXX[38;2;255;221;68mXX[38;2;238;119;85m??[38;2;255;255;187mXX[38;2;255;221;68mXX[38;2;85;34;17m??[38;2;34;17;0m??[38;2;102;51;34m??????[38;2;0;0;0m????[38;2;85;34;17m?????[0m
[38;2;0;0;0m???????[38;2;85;34;17m??????????[38;2;238;119;85m??????[38;2;255;221;68mXX[38;2;170;0;0mXX[38;2;17;0;0m????????[38;2;34;17;0m??????????[38;2;17;0;0m??[38;2;238;119;85m??????[38;2;238;153;51mXX[38;2;238;119;85m??[38;2;136;51;34m??[38;2;85;34;17m??????[38;2;136;51;34m??[38;2;0;0;0m???????[0m
[38;2;0;0;0m?????[38;2;85;34;17m??????[38;2;51;34;17m????[38;2;170;0;0mXX[38;2;238;119;85m??[38;2;136;0;0mXXXX[38;2;17;0;0m????????????????????????????[38;2;170;0;0mXX[38;2;17;0;0m??[38;2;170;0;0mXXXX[38;2;51;34;17m????[38;2;85;34;17m??[38;2;34;17;0m??[38;2;85;34;17m??[38;2;0;0;0m?????[0m
[38;2;0;0;0m???????[38;2;51;34;17m??[38;2;17;0;0m????????????????[38;2;85;34;17m??[38;2;17;0;0m????????????????????????[38;2;85;34;17m????[38;2;17;0;0m????????????[38;2;0;0;0m???????[0m
[38;2;0;0;0m???????[38;2;17;0;0m??????????[38;2;85;34;17m??[38;2;17;0;0m??[38;2;85;34;17m??[38;2;17;0;0m??[38;2;85;34;17m??[38;2;17;0;0m??[38;2;136;0;0mXX[38;2;170;0;0mXX[38;2;85;34;17m??[38;2;136;0;0mXX[38;2;170;0;0mXX[38;2;136;0;0mXX[38;2;85;34;17m??[38;2;17;0;0m??[38;2;102;0;0mXX[38;2;85;34;17m??[38;2;17;0;0m??????[38;2;85;34;17m??[38;2;17;0;0m??[38;2;85;34;17m??????[38;2;0;0;0m?????????[0m
[38;2;85;34;17m?[38;2;34;17;0m??[38;2;85;34;17m??[38;2;34;17;0m??[38;2;0;0;0m??[38;2;17;0;0m????[38;2;85;34;17m????????????[38;2;136;0;0mXX[38;2;170;0;0mXX[38;2;17;0;0m??[38;2;170;0;0mXXXX[38;2;136;0;0mXX[38;2;136;51;34m??[38;2;136;0;0mXX[38;2;102;0;0mXXXX[38;2;136;0;0mXX[38;2;85;34;17m??[38;2;136;0;0mXX[38;2;85;34;17m??????????????[38;2;0;0;0m????[38;2;85;34;17m?????[0m
[38;2;85;34;17m?[38;2;17;0;0m????[38;2;34;17;0m??[38;2;0;0;0m??[38;2;85;34;17m??[38;2;34;17;0m??????[38;2;17;0;0m??[38;2;136;0;0mXX[38;2;17;0;0m??[38;2;102;0;0mXX[38;2;17;0;0m????[38;2;136;0;0mXX[38;2;17;0;0m??????[38;2;136;0;0mXX[38;2;17;0;0m??[38;2;102;0;0mXXXX[38;2;17;0;0m??[38;2;102;0;0mXX[38;2;17;0;0m????[38;2;102;0;0mXX[38;2;17;0;0m????????[38;2;85;34;17m??[38;2;0;0;0m????[38;2;85;34;17m??[38;2;17;0;0m??[38;2;85;34;17m?[0m
[38;2;0;0;0m?[38;2;17;0;0m??[38;2;85;34;17m??[38;2;34;17;0m??????[38;2;85;34;17m????[38;2;17;0;0m??????????????????????????????????????????????[38;2;85;34;17m??[38;2;0;0;0m??????[38;2;17;0;0m??[38;2;85;34;17m???[0m
